0.0883000000000000
0.104200000000000
0.123000000000000
0.145100000000000
0.171200000000000
0.202100000000000
0.238400000000000
0.281400000000000
0.332000000000000
0.391800000000000
0.462400000000000
0.545600000000000
0.643900000000000
0.759800000000000
0.896600000000000
1.05800000000000
1.24840000000000
1.47300000000000
1.73790000000000
2.05040000000000
2.41890000000000
2.85330000000000
3.36510000000000
3.96770000000000
4.67690000000000
5.51030000000000
6.48820000000000
7.63320000000000
8.96980000000000
10.5237000000000
12.3202000000000
14.3814000000000
15
16
17
18
19
20
21
22
23
24
25
26
27
28
29
30
31
32
33
34
35
36
37
38
39
40
41
42
43
44
45
46
47
48
49
50
51
52
53
54
55
56
57
58
59
60
61
62
63
64
65
66
67
68
69
70
71
72
73
74
75
76
77
78
79
80
81
82
83
84
85
86
87
88
89
90
91
92
93
94
95
96
97
98
99
100
101
102
103
104
105
106
107
108
109
110
111
112
113
114
115
116
117
118
119
120
121
122
123
124
125
126
127
128
129
130
131
132
133
134
135
136
137
138
139
140
141
142
143
144
145
146
147
148
149
150
