5.828059547825502
5.770538116615797
5.699390074009065
5.620863268339455
5.559606625496048
5.478729596970567
5.4075732640948795
5.327517979423891
5.250602379620617
5.173833657156527
5.092186002058583
5.008709607576085
4.9219824324834205
4.835632217474072
4.7415174937806
4.645818006030409
4.546501321523508
4.442059061604039
4.330640462445753
4.212580216016353
4.085789879193651
3.9506896509294473
3.8055886099302065
3.648029652295326
3.477859951459092
3.2953792494537466
3.097061496819584
2.869770452026875
2.696772666360427
2.4843157595048897
2.2493633760829095
1.9983919477368357
1.4454692744497184
1.353294612385295
1.2573419645760204
1.1597725250308148
1.0620377482590517
0.9651443465785774
0.8671413721030287
0.7720627715217226
0.6797636348747049
0.5888703872109791
0.4991464090296151
0.41183006374390035
0.3267055245791704
0.2434336907131762
0.16163631130512515
0.0823523110933244
0.005342207323307578
-0.06995632005092324
-0.1447295813134122
-0.21736586809898822
-0.28742539586896915
-0.35590219033466436
-0.4235991181686556
-0.4892131537274975
-0.5536018193191867
-0.6161195330378413
-0.6770777325805208
-0.7377123891491616
-0.7966058775442261
-0.8536185426703999
-0.9089780546701598
-0.9650065200459375
-1.0187496291009495
-1.0709073554045352
-1.1229200195611408
-1.1742335086899982
-1.2223482608224785
-1.2718225595746275
-1.319454450601452
-1.3641002197629384
-1.411467007746618
-1.4559363483976642
-1.501431012984109
-1.543082326769357
-1.5848347085353809
-1.6272531194742947
-1.6669291534969364
-1.7076394322620148
-1.7457455866732785
-1.7848789790025459
-1.821270338749822
-1.8583049423797207
-1.8941291801048963
-1.929261336117249
-1.9626715134304111
-1.9977336598857152
-2.0311987749153193
-2.0639156532348384
-2.09520076278802
-2.12855582884561
-2.1559772925458343
-2.1870903103030632
-2.2167255742018583
-2.246017532009497
-2.274646762884836
-2.3002049676650835
-2.3281051548882434
-2.354044202494287
-2.378126666234975
-2.403839684613806
-2.428539378216343
-2.45117876165686
-2.4755069734320316
-2.4975716741445013
-2.518255908341477
-2.538984392737864
-2.5580257567556997
-2.579907970337316
-2.597967304027894
-2.6167731546888664
-2.6345841045703553
-2.651108390371266
-2.666641769806917
-2.6826069766903653
-2.698076375136812
-2.713429200321064
-2.7248415517947424
-2.7379537565949144
-2.751589528059287
-2.763037832469048
-2.773926537179923
-2.7841854708127145
-2.7953672962257095
-2.803296741738664
-2.8113324406150255
-2.8209192648032815
-2.826930511921649
-2.833066787509182
-2.8405007177472155
-2.844257453138018
-2.8498831377038982
-2.8522571437279214
-2.8556475994412995
-2.858523250692847
-2.8586885001552758
-2.8603329370421764
-2.860770093319301
-2.8608741013337333
-2.8579719444145053
-2.8574137842510337
-2.8530812481254926
-2.8508693907705696
-2.846281859990027
-2.841821686430435
-2.835161601430579
-2.829509678971069
-2.822481612925282
-2.8126065494843275
-2.803403132048023
-2.796042129812828
-2.7832693105667037
-2.7701312963072517
-2.7587432884381444
-2.7450917741926224
-2.7296253450302888
-2.715420996588729
