5.59096203215284
5.49828261536581
5.404695366404422
5.309439779559916
5.211160007919773
5.112367149973449
5.0133426269364
4.9104737098315425
4.80772579289468
4.702943616588103
4.595663666358151
4.483395801912503
4.369321557160974
4.249743989558274
4.125619633442386
3.9979968983394976
3.8657908650645023
3.7273836853287934
3.579357519766347
3.4263205317966885
3.2588252624511633
3.0867916946096265
2.8965714960000826
2.6961936434068434
2.4754301083561256
2.245003860765428
1.9988133581397642
1.7349703315848133
1.4569867241900152
1.1641212927065405
0.8580809386609688
0.5417638882768084
0.45435186389440524
0.31789402997731225
0.1880295735180399
0.06301692903579595
-0.05552197784616989
-0.1698580908194152
-0.28117252640488155
-0.3873381585435445
-0.49067166561916425
-0.5884882054109208
-0.684675423102915
-0.7765828948225456
-0.8655081151014313
-0.9525702835813418
-1.0353065080001744
-1.1173929596535799
-1.1963829602828524
-1.2723212869285685
-1.3476099291959631
-1.4194397161436985
-1.4901320613499884
-1.5571446527817638
-1.6242045161741545
-1.6888225949602549
-1.7514086504661983
-1.813418407778531
-1.8745091540334349
-1.9336916565102602
-1.9897589832644542
-2.046188267765915
-2.10004142823072
-2.1543168171660656
-2.207313051659614
-2.2579014650753924
-2.309356496581709
-2.358606323952389
-2.4079846809243777
-2.453606031130204
-2.5004141106301097
-2.54533470671097
-2.591703894845313
-2.636333593794773
-2.6798336021381104
-2.7213682841056297
-2.7634011249653594
-2.8034088732573545
-2.844832973576328
-2.883387289929427
-2.9235839017702916
-2.961448826990223
-2.998340676939507
-3.034570294024998
-3.07107536729167
-3.1060577775286973
-3.1420168799758468
-3.177145085170215
-3.2097146041381137
-3.2437799601791757
-3.2769382078392466
-3.308936498990515
-3.340604037212747
-3.3722132700334453
-3.4025176263308126
-3.4317355125849467
-3.4605281682509723
-3.489493713190726
-3.519418223314582
-3.545225718034848
-3.5733276525701494
-3.601389177274499
-3.6270550407236506
-3.652728778301083
-3.6775489558932417
-3.703480239576142
-3.72636750407079
-3.749209119994391
-3.771748255708269
-3.7947128375964363
-3.8176373045898155
-3.837619797333832
-3.8583896730365805
-3.878772175215096
-3.898821044495026
-3.918137971469935
-3.936573349357458
-3.9548476089494766
-3.9720288176871303
-3.989089106714383
-4.005729625721096
-4.021098767954551
-4.0371344429558365
-4.05147134558126
-4.067258001384735
-4.078679171823667
-4.093928037921925
-4.106084048219753
-4.11894948661764
-4.130083310077878
-4.14164860064571
-4.152368026106746
-4.161068913732786
-4.1720844629983285
-4.180735421391199
-4.191659831338737
-4.20095775842408
-4.208169306893584
-4.215556607566473
-4.223925061311056
-4.228468680108189
-4.235666339194774
-4.241012078400511
-4.245639297023851
-4.250258680619584
-4.255096940341695
-4.259228915376763
-4.262880837509683
-4.266453967538329
-4.268810727949717
-4.270971721376164
-4.272938689635116
-4.274450310572158
-4.276232988963963
-4.277321330950973
-4.278314047558181
-4.2791749876004
-4.279828681153491
-4.279501794607422
-4.279778624996093
-4.279871146195262
-4.278615343804444
-4.277518030826948
-4.276922456027611
-4.275208879673641
-4.273185070620776
-4.270622227770345
-4.268776690475568
