-0.12880002
-0.15743828
-0.07467755
-0.08483139
-0.08765863
-0.15897061
-0.02682364
-0.11131308
-0.046616185
-0.15838702
-0.11655454
-0.19956975
-0.14897989
-0.22749484
-0.19935118
-0.23663719
-0.23706345
-0.28087193
-0.3064192
-0.30618235
-0.32774255
-0.2621409
-0.2277029
-0.2333369
-0.3011718
-0.20725146
-0.24788964
-0.24690741
-0.36558393
-0.22468309
-0.25590467
-0.2292575
-0.25535002
-0.2792598
-0.14259942
-0.20024918
-0.28233558
-0.28100526
-0.13092837
-0.21514076
-0.20403622
-0.30549368
-0.21373878
-0.15248364
-0.14767104
-0.20152147
-0.21346474
-0.21041015
-0.22557802
-0.20948873
-0.2910476
-0.26197693
-0.1787803
-0.18763328
-0.2365025
-0.1619057
-0.16670792
-0.12541947
-0.21584179
-0.10972191
-0.1632324
-0.20917295
-0.21937864
-0.17981711
-0.17465124
-0.20833771
-0.09251587
-0.20730306
-0.13919106
-0.16128823
-0.21439408
-0.19284515
-0.101734
-0.2089335
-0.14625399
-0.22532277
-0.0969025
-0.18386917
-0.089853406
-0.18523455
-0.14576834
-0.17115752
-0.19725583
-0.16848221
-0.19346029
-0.17124356
-0.14788917
-0.046889216
-0.17360888
-0.21935965
-0.15593815
-0.21437202
-0.15933706
-0.06610925
-0.1896428
-0.2450216
-0.22307083
-0.11454314
-0.122406386
-0.17101355
-0.11110161
-0.1703949
-0.26019377
-0.11551853
-0.210688
-0.19919443
-0.15033789
-0.15742427
-0.1753424
-0.23151398
-0.15725794
-0.18051662
-0.1983131
-0.15443483
-0.2693615
-0.15901673
-0.23322108
-0.2574452
-0.25254977
-0.07452214
-0.14662035
-0.12831053
-0.21052478
-0.14482592
-0.28124863
-0.19226453
-0.2928447
-0.18256176
-0.1819368
-0.1894688
-0.25175992
-0.24819513
-0.20941891
-0.22285828
-0.27771857
-0.23540306
-0.24875781
-0.1670772
-0.30901808
-0.12153522
-0.28241035
-0.21636218
-0.16001867
-0.21625848
-0.230608
-0.21994892
-0.16220604
-0.23502362
-0.28864926
-0.10675889
-0.2615965
-0.17315215
-0.26301703
-0.29303488
-0.1679944
-0.26179507
-0.21372409
-0.1929708
-0.13935442
-0.23736517
-0.2530927
-0.26352346
-0.26652893
-0.29031774
-0.049741946
-0.096186176
-0.1015104
-0.13176599
