3.7885614463980826
3.7482303381420783
3.7089357759418577
3.671883277979401
3.6297092485959856
3.5975842889231164
3.5634413341107734
3.536802793324794
3.5094976572561376
3.48489256555879
3.4618688969517093
3.441500036556567
3.423068508630714
3.4077159644852064
3.3950290448673353
3.3844244031920505
3.3776390267336036
3.3735787592074664
3.3722506270374564
3.37433279093089
3.3809456137740903
3.391098671627822
3.405928630025118
3.4253825728130503
3.450122782848643
3.4776104773104533
3.5073986116842173
3.5432663650975913
3.611845984397245
3.6766741111358536
3.733159305583739
3.7816426823242777
3.305177822503668
3.349388446376066
3.3835334727742006
3.4113652914786057
3.4334941235668492
3.451615542654271
3.4669654449068097
3.4794935392163193
3.4898236213614098
3.4987276289514977
3.5059084273625736
3.5124827815640356
3.516861270769854
3.521229205508239
3.525055012075532
3.52841329291794
3.530503129226223
3.5326240787320433
3.534777346179809
3.5360106123464154
3.537154546780135
3.53796043750723
3.5380973481310796
3.539413920604564
3.5403500332609017
3.5401793529600556
3.540792747551483
3.541325163615358
3.541094480910428
3.5405129446966646
3.541987500421889
3.5421633107434523
3.542579609745649
3.542646164445646
3.542867535831348
3.5436772062629798
3.5440298733793885
3.544547013903329
3.5446728336029776
3.545485759734566
3.544943005108363
3.546643148693648
3.547462447884399
3.5486715399320223
3.54789037801637
3.5512773367805477
3.5512263102018484
3.5522815762098476
3.5521958379952063
3.5531396904259864
3.555192614474755
3.556722934319862
3.5578206926722804
3.5599137818655455
3.562903581460352
3.563226994206646
3.5642109898406464
3.5652535159344185
3.5693008372255512
3.5712216489819246
3.5723400460890375
3.5744109396500776
3.5764969624243688
3.5795963384397758
3.5819531259152293
3.5840329370262465
3.5868890728608873
3.590073387375477
3.5916355932692254
3.5958449006193742
3.5970618636439102
3.5996619582770766
3.6037797680208006
3.606625438398472
3.608895802105627
3.6129838828769243
3.6153783804420616
3.6193087287922436
3.623151458482644
3.6270941221799924
3.6293526762423647
3.634908458111635
3.637412074886279
3.6419493898002298
3.646292871881443
3.651510461323875
3.6540198366396948
3.6587174648127987
3.6639132957987317
3.6673850439169806
3.6726546244127367
3.676866283686193
3.6829011936358462
3.6868043691903054
3.692631302631361
3.6973433572784042
3.7023901187994293
3.7086333027803895
3.715296775757076
3.720810733923601
3.7268275794341634
3.7332773455265014
3.739058014651791
3.7460179469692227
3.7538006575032132
3.7611816991316247
3.768130327819659
3.775556792662686
3.7842230999750623
3.791617359323561
3.8003900195801252
3.809166905896079
3.819618516580706
3.8274840721397543
3.8391810451637514
3.849040892273363
3.8592626261248393
3.8717553314160353
3.8831464146177423
3.8960363091776706
3.9091850493267315
3.9241242515930685
3.9367142032292897
3.9515128125702
3.969171439410876
3.983223870592535
