3.5660673127121982
3.5062465741407833
3.449760058516685
3.3917003160945383
3.335394750708911
3.278693800887576
3.2248601617550197
3.170885955180974
3.118018924497192
3.0665030959844803
3.0167868199714363
2.9669553324245284
2.919086255715267
2.8721292030374697
2.826234444414148
2.7827566186222805
2.7416834763451594
2.701641910551823
2.662549653006173
2.6259122140185944
2.5914049402553565
2.5597159630242037
2.530872127499731
2.5056445960492564
2.4854221943091583
2.4698934548701943
2.4601589184490242
2.4549765122042766
2.4551220263758147
2.4585206044756225
2.4654511051293175
2.4752055701366626
2.478408442501203
2.4834369860578143
2.4885634397214504
2.493403969850636
2.4983677703683513
2.5029592312731612
2.50734131774228
2.5118022187662437
2.51618051397589
2.5203431221821875
2.5244640320369447
2.52840047066374
2.532261569824661
2.5360695040924344
2.5398004872162163
2.543374209997447
2.5469817298818924
2.5503609996912844
2.5537976310623227
2.5571223796685767
2.5604159029588245
2.5635475072096914
2.5665414884023643
2.5695869284338966
2.572574859240908
2.5755775694826246
2.578465782462617
2.581252146841698
2.583957139800312
2.58662585664457
2.5893264720881395
2.591789797678028
2.594314095222062
2.5968439214099877
2.5993361484954933
2.601760942551284
2.6041193550679735
2.606490542172951
2.6087811813298667
2.611040840862648
2.6132767982717833
2.615506489349966
2.6176228858004404
2.6197426675295126
2.621816644732044
2.6237868105076427
2.6258687739555997
2.6278491496371315
2.6297716302335137
2.631742082555324
2.6336609119434673
2.6355600355948026
2.6373537923442916
2.639119846316271
2.640847557236853
2.642716814029151
2.6444004202514275
2.6460499797785424
2.647748435455797
2.6494474755080097
2.6511220025516087
2.6527548557520375
2.654336114267698
2.6560591905805278
2.6576097760792217
2.6591534226241
2.660663908422574
2.662140739114713
2.6636250971581417
2.665236806014879
2.6667016752917925
2.668166826862743
2.6695218266996026
2.670899893848542
2.6723776382725477
2.673736929154923
2.6750728327176874
2.6764695969800676
2.677968576749532
2.6792347714370766
2.6806634438063277
2.681924324936668
2.6832249597328772
2.6844955876885876
2.685824705666884
2.687060082307635
2.6881843403561367
2.689286260755563
2.6905321482044418
2.691924177630023
2.6931059497741723
2.694189493862586
2.6955901479362416
2.6964847018320595
2.6976254014329633
2.6987477590564595
2.699737374960458
2.700884829488419
2.701781221301094
2.702807073101206
2.7035741085855034
2.704664107006571
2.7055575045606015
2.7064022809097725
2.7073471383420524
2.708238046172688
2.708935479084551
2.7097742435098917
2.7102565281133013
2.711074055692927
2.7117782527331684
2.7123025735588793
2.712757736496454
2.7134259519805006
2.713838242522012
2.7142657059267723
2.714737222538002
2.7149114362621276
2.71511531075512
2.7155004879037716
2.7155192241670107
2.7156339184997194
2.715638189973769
2.7156369954060926
2.715583111398984
2.7155109828016593
2.715370891808328
2.7150583204405785
2.7149977641543432
2.7144616649304956
2.7141506521544714
2.7137516192308406
2.7132076843008117
2.7126586693899575
2.7118517600419674
2.7111786119838555
