1.6891102999982		5.70859821783368	18.492863120844		65.038019851043		273.026381075651	1356.72636665208	3331.80984643421	9204.46973660373	22049.8619362272
1.92678098471626	5.94010247601733	20.1096701378706	70.0195665950123	245.029040251044	1368.08766219542	3265.99523531085	9810.15826561127	25443.3813676836
1.81689223355167	5.85247896383178	20.5984977237143	67.74390438193		272.316245145554	1458.15350317002	3376.47338008017	9095.54894972349	23572.2230721803
1.83692643749118	6.32979449148522	19.5636566083532	69.3207175975453	252.753951442375	1436.19260594706	3757.10519704103	8941.92852816197	27146.8648816305
1.7901296131846		5.9753140782649		20.3499756793516	66.5915215025199	250.351713845579	1439.38553545324	3627.30133187181	9290.35007040491	26624.569522529	
1.76710402967359	6.180752967008		20.3261623716943	67.1684461978751	252.332881498157	1388.2863695295		3426.29832299026	9280.86554268024	23398.3777032098
1.78465124937119	6.29056373036228	20.4372796782984	68.3981619438932	253.125349054996	1465.38201584946	3425.4921819837		9290.43670078591	23451.7696644964
1.80331396828084	6.05771465459768	19.7528878799792	67.8511646927061	247.021082430885	1412.24164057231	3504.2636400416		8875.63721658948	24415.1024830135
1.76162365982385	6.30299837040686	20.0272713822772	67.8003324600325	256.126552722534	1371.75750902301	3372.81101659064	9060.95269390427	25677.0801407834
1.78544208693003	6.13878073294552	20.1548442103901	67.0508436881753	255.506757272736	1386.22514441812	3537.91300337193	8924.42771620529	25660.0163641284
1.81425902130046	6.21535556462763	19.3828519783879	67.737568350975		253.370008065838	1376.88343195867	3516.87727305306	8679.38688687941	25950.8098332225
1.77307044422007	6.08295077203841	19.5869741133916	67.4552345320775	249.564577169801	1383.8055797255		3467.59051077881	8947.28763334967	24956.9169203002
1.769932769138		5.95904086279981	19.7359919330736	66.2183478616377	250.589068038829	1365.12910312248	3499.78472676014	8840.09576893116	24167.9312996048
1.73280617782939	5.94257700850514	19.3049038365631	66.2477489001803	244.672496707799	1377.98913657088	3445.87562764811	8690.65959925948	24492.843692687	
1.73269073878091	5.83836693118568	19.1496975510656	64.6701589109358	242.097937426954	1346.94770282353	3375.79758247013	8762.29880559072	24379.2144166913
1.67858682497213	5.69003338679343	18.6172822796958	63.4271869823322	236.625616869055	1340.11837509892	3371.33807410259	8706.75309474793	23978.9572181303
1.63194204575969	5.51754927876855	17.9540572906971	61.2340168815741	233.083678088129	1308.16375547207	3335.03070030478	8754.90154842336	24247.0227265172
1.55683621735802	5.30764743841711	17.3530221814023	59.1511694598871	222.257605991331	1277.79127136851	3286.30210343502	8567.07889092577	24318.8632389676
1.47402996985776	5.04687684615868	16.3490965289307	55.6171834317227	211.756319887809	1241.90261445072	3202.3233524453		8457.33491361106	23635.693677053	
1.36207430846797	4.64685157517515	15.1626250580374	51.7966895775599	197.610687934073	1180.09753146851	3096.1693798215		8259.08995427669	23464.5571822746
1.23093374783177	4.20798916694107	13.7408615440596	46.8136578649403	180.177714170251	1107.91193158075	2963.78384344223	8056.40273912149	23007.7162716475
1.08032154102314	3.66649759566829	12.0308050664728	41.0872268729387	161.240412041627	1028.38591610071	2826.16293359545	7784.44950374724	22373.8687454156
0.90739559556125	3.10898337989223	10.1892243603833	34.9953309716631	138.317809315836	933.02679632425		2639.50714389654	7430.35140404752	21747.8315995398
0.735455635826405	2.51654570061546	8.25125985484801	28.4526156624937	115.455371478021	827.95322056542		2437.60595925696	7040.89232966118	20967.9328564365
0.566515981631469	1.94049576373402	6.38769380970451	22.3244595047365	92.7586091278874	719.401564173793	2205.19184972451	6522.10503455611	19871.5596770931
0.415369795879848	1.42489591419696	4.7225326578744		16.5940971160658	71.7303636314785	609.014347755283	1948.17914778752	6003.17926665129	18563.7592389954
0.29135284785917	0.994073666114388	3.3064302150204		11.8311221647534	52.9764630299347	499.52034183991		1683.93889012802	5336.50157274499	16916.5363737712
0.191387075081576	0.658323741021239	2.2021714842979		8.01546958385201	37.7107714523121	394.489692138305	1401.72009389746	4620.81948998738	15052.8026566617
0.126156323769428	0.433213887757772	1.46731371025328	5.44524697243858	27.2225071902189	335.976366021097	1274.25373730772	4430.87582801945	14920.8970564648
0.0792943163508296	0.273353762483338	0.926162178124313	3.50987678079598	18.6188524822877	264.866556682327	1085.509317123		3958.94182827871	13977.9718608127
0.0485532502567431	0.167766236610497	0.568390801870738	2.18430378733202	12.2741005043876	196.719534526536	857.701256420027	3319.32987203154	12174.0031303846
0.0293085774603902	0.101229310076766	0.347499714270356	1.34860536829142	7.78665781946601	137.22849396421		637.10783246345		2595.19632193708	9969.01614412563
0.0247667413186222	0.085817084571056	0.284656727553721	1.05009200605231	5.16632032606898	55.9104631763906	184.751625709352	531.997979748292	1415.49248150135
0.0198298196388414	0.067792898669798	0.230752188267126	0.858611194152906	4.33173061824472	51.1994627081639	176.904355903744	524.626389660897	1438.44079503199
0.015986157165021	0.0551381676849702	0.189329390717059	0.706763755429576	3.66174498079252	45.6733202532291	165.076581632543	502.116557742043	1408.07714086516
0.013199385190281	0.0452393739818092	0.152302372009818	0.578271512558575	3.07645686478753	40.3076116395575	149.306014286843	466.801311914214	1349.44950758975
0.01096318272705	0.0374622286566538	0.127362942824316	0.479829450144131	2.59053068243702	35.3322489776411	133.214105185921	428.208694684336	1253.67826554944
0.00911462953540701	0.03153792111762	0.107516770603385	0.403405510256171	2.13868483734345	30.6528343156208	116.943983628273	385.235688058531	1150.66534180089
0.00773453428631238	0.0265828930568724	0.0896982602732953	0.336010776217835	1.80858988961145	26.2462551855735	103.417779888765	342.813296759105	1040.57225160514
0.00654804373149581	0.022701936062497	0.0765555129992854	0.286573976609555	1.54702080962945	22.4576334652613	89.7639319394087	301.417458788335	932.089970246264
0.00551279028257035	0.0189114968063075	0.0648570278749691	0.24373679079752	1.30884723199893	19.3290822037657	77.4864182049977	266.44736699489		826.452338823811
0.00472028101550735	0.0162130561642854	0.0557999992166395	0.212387599370949	1.13244155239828	16.5147313838509	67.4140729115308	232.011476181862	730.037973991225
0.00405659416002682	0.0139578340819975	0.0469774354058954	0.181861038591594	0.961175050334409	14.1949756296605	58.2014569361932	201.929675157367	647.603550670137
0.00364056725677521	0.0123389694126668	0.0414356815866626	0.154987877035743	0.826780642394012	12.1816100476548	49.6955975841393	176.474795735391	568.354907946452
0.00312885595665534	0.0110692699188714	0.0365521423224051	0.136847094216974	0.72058524033638	10.5331809706591	43.8053235509718	153.31191462699		492.610212258763
0.00275745285241121	0.00942575768565186	0.0317164608715721	0.119715811298424	0.640108992715509	9.28426412651407	38.3291167775574	134.211444700675	431.904475492353
0.00240848800585521	0.00827928249035558	0.0280132524333934	0.105378044092667	0.554953272331739	7.911388054496		32.4723714906548	116.548542512034	379.846381077767
0.00212998769371828	0.00737007142512883	0.0244283271436264	0.0932066149774988	0.478222259380328	6.88590152856345	27.948050712489		101.504230480645	330.19077479328	
0.00190864231752147	0.00646362546896392	0.0224081793646655	0.0806411024055683	0.420614382062104	5.92220882574972	24.6919473519569	88.624691005828		288.991651143029
0.00166345821887087	0.00583706278402154	0.0191666725330468	0.0718637925438703	0.375320951092705	5.23324079993463	21.5194480989826	76.9907806336589	253.951261600087
0.0014936313372956	0.00522500090477526	0.0174051417995502	0.0661116136911645	0.335467005545413	4.62301365269959	18.8813764123987	67.2441540357169	223.701907606777
0.0013453509027886	0.0046374064106632	0.0156158530553615	0.0585059009296435	0.300738028738471	3.97167457109267	16.5326921686663	58.4774735806212	194.725504215651
0.00121006236308382	0.00425139549729026	0.0138944654082503	0.0523748359142682	0.265965078857551	3.5200539742007		14.4075250943135	51.0544552767766	168.664003785876
0.00110984369929805	0.0038745530379556	0.0127009916159283	0.0472890893512074	0.237821801872456	3.21853305883306	12.6824376714974	45.1427311994959	149.987278396256
0.00101192971267222	0.00343903007828422	0.011286161312896	0.0419437988109944	0.214863989018158	2.80284351578305	11.2921020824307	40.5435312035929	132.654266590804
0.000904190202439956	0.00311272237919348	0.0106944855868092	0.0389098145492726	0.19723790067085	2.44941610067784	9.97096712877188	34.7767336480336	116.80966181404		
0.000822470448899397	0.00281940542552974	0.00982567488787661	0.0355857687906832	0.177203688492773	2.27417203783583	8.96649836298965	31.3655020388439	104.903889823276	
0.000775706554866882	0.00259958561260578	0.00892638486758695	0.0319483685831199	0.159810965667784	2.01424396425872	8.12656378582363	28.2039952097151	92.0719294594954	
0.000696805015209536	0.00240317580105878	0.00794937923105125	0.0290824605489463	0.147234103665532	1.83672180058878	7.09510427289538	24.8159940487556	81.3758051427789	
0.000633525311292396	0.00217902398644302	0.00733101826967423	0.0265976426975955	0.131355419601227	1.62692459307081	6.37877534968293	22.4424242815367	72.6255074788664	
0.000595529635035475	0.00204162857339205	0.0066565636759268	0.0243397792664635	0.120450919478853	1.48200481116057	5.79550223981641	19.7150672984567	66.5894057667685	
0.000535898631250089	0.00180524594275092	0.00607470020136564	0.0233079543307653	0.106564178184949	1.3483609218457		5.24938989781347	18.1074453303778	59.9374801185811	
0.000503936668319494	0.00174296575392508	0.00570340090976245	0.0202534207404198	0.101555580394142	1.22523324013478	4.68360077614939	16.2644071258953	52.6887075248796	
0.000444755332792255	0.00155230641980992	0.00521951575492059	0.0191929536478712	0.0933048406420096	1.11085801647222	4.1986307277119		14.7497484798173	48.2899892758372	
0.000427762572571027	0.0014355668384887	0.00484426986094014	0.0182757948946125	0.0827592902171329	1.04065619897579	3.94847467268376	13.0401197514631	44.5591468389837	
0.000403930396944343	0.00138079037984221	0.004404327530068	0.0163941655685815	0.0808537334709625	0.934222289002209	3.54814047518699	12.0990132221597	39.5054463114476	
0.000368074351620716	0.0012680959096787	0.00422433804176188	0.0157045972381608	0.0737668402467255	0.859309461646404	3.17868108855503	10.9021139983761	36.6304911868139	
0.00034294377843933		0.00117665158631518	0.00396476169952691	0.014268820593127	0.0674636590896032	0.798453102205524	2.91953102508871	9.82557516635165	33.7779572556389	
0.000320616928017297	0.00106679896725753	0.0035564193341504	0.0135965546957401	0.0641480870374748	0.765935276137302	2.75048144424785	9.42514399405713	30.8923971518312	
0.000297435392372772	0.00102658574982575	0.00340793630166543	0.012905112812672	0.0587301992965465	0.684139021789668	2.51660148019666	8.69814669540371	27.6048529499702	
0.000281888233798115	0.000962751198136338	0.0031749781137616	0.0118353485383773	0.0554002469254775	0.621095505037378	2.33883930649928	7.71589980995416	25.4735993851923
0.000254934105655478	0.000913654758852964	0.00307857885567333	0.0104511264769108	0.0515515774520674	0.572421401752173	2.14347446109947	7.23345137910793	23.9638309505313
0.000243610847331721	0.000839904497423828	0.00289741685712456	0.0100225067413094	0.0479561707419359	0.549414029656475	2.10044391760622	6.76944616056502	21.5224426045301
0.000224913846670527	0.000794430407612435	0.00274627917321263	0.00950774339597184	0.0440961971507455	0.505078967494549	1.83636617634767	6.08538370759948	20.1493490838209
0.000216403045638567	0.000733309177189055	0.0023761317743128	0.00925014782942577	0.0436578085204484	0.454304941827546	1.76071962038146	5.80981189999554	18.6855551534852
0.000201039461926946	0.000701541321354508	0.00232208736207722	0.00819637984790967	0.0381205259034816	0.430333003157458	1.62003086688052	5.33046698202567	17.005782364291	
0.000187384025119466	0.000649026540581973	0.00215170137700705	0.00848231251746474	0.0374559642345305	0.422794934929164	1.49532571317819	4.9702233893495		15.7319680710153
0.000180865626885842	0.000638420690679943	0.00212573849636789	0.00750907108171838	0.0346917851308536	0.388150016484252	1.40362101558208	4.64734502868174	15.2392186893688
0.000168976343168566	0.000596610585528918	0.00203415800104932	0.0072582791555191	0.0336203778316725	0.373349964574922	1.33960708965942	4.35482180148269	13.7477701939921
0.000158880697956091	0.000567195090838174	0.0018539878629677	0.00691857693471423	0.0309638792394042	0.344153692925248	1.20665423687544	4.18499608355484	13.4414347356829
0.000152954810326255	0.000545257463482522	0.00175059736301925	0.00660860882852846	0.0297468911206201	0.326190327048566	1.19124838529276	3.86380264582297	12.4986587472096
0.000141466702209017	0.000509840732620264	0.00166969606325333	0.00614034305486772	0.0280022094867845	0.300117095046334	1.13782639637397	3.63152052713085	11.15821984057	
0.000142986903420054	0.000482984992747468	0.0016161555814129	0.00574146769080913	0.0263903920340142	0.282132665183459	1.07366208622534	3.40492583496557	10.6831750553224
0.00013340224812502		0.000458224283057793	0.00147733513876807	0.0053384880105106	0.0250027049704244	0.27726434977839	0.977603260183616	3.18726885118342	9.9622490583144	
0.000129298938924544	0.000418287664984581	0.00142042027734967	0.00527532795827578	0.0245647619717811	0.253525462589725	0.971463598257643	3.01181601302905	10.0244776824449
0.000120959353524763	0.000399812131441746	0.00133239368081853	0.0049220990808286	0.0230273921705659	0.24600390490286	0.852963122377477	2.8764485633407		9.61940676625952
0.000117948987272243	0.00038161463188065		0.00136294363689045	0.0048863214674474	0.0217850190796886	0.228050938928236	0.846693365475266	2.76389734136485	8.66062207015816
0.000108746433912324	0.000366582276387275	0.0012524248126466	0.00443515757308076	0.0203454458074674	0.225565018205932	0.760226983547502	2.70759173122495	8.26991246253876
0.000103637054487328	0.000361078426726482	0.00125299825516182	0.00433987725765492	0.0195851057436709	0.207194857982353	0.740979326243873	2.50218206488843	7.59840714158847
0.000102073700401108	0.000357141559610656	0.00116645082797391	0.00409725910956055	0.0193412314271511	0.19761284065578	0.731555480276612	2.36767131662135	7.5398369026641	
9.38530890844188e-05	0.000337806925134494	0.00111627397958709	0.00387112236334138	0.0186301865908011	0.194054412369902	0.669702951023304	2.22990047328667	7.24164013145119
9.03710108689038e-05	0.000310371969041024	0.00104086702383572	0.00383523430657981	0.0185998106527364	0.187629362993963	0.629560081708259	2.23456353844651	6.90426961829241
8.778081486053e-05		0.000299288641075599	0.00103430379947822	0.00344895212942468	0.0162985425970949	0.178448587929488	0.628825625592634	2.02404699543529	6.66736681320025
8.25897253159795e-05	0.000286376000707583	0.000972153756501795	0.00361606069958452	0.0159931243719154	0.167495430854096	0.612138321861187	2.00053315670843	6.32377880033027
8.3165099942556e-05		0.000282139154925025	0.000947557042961983	0.00346209724339931	0.0159232715241206	0.1579907021762		0.58181566457595	1.84625265701418	6.20984399786007
8.03259673785512e-05	0.000272250921116045	0.000910854806009987	0.0033128939306722	0.014718661782446	0.150872174770133	0.569741739642096	1.87337194671574	6.09976866520854
7.77804136477526e-05	0.000262254604618766	0.000901269583045086	0.00307510982781223	0.01471482852352	0.153850371164892	0.551137521819181	1.80858196647177	5.78624932011076
7.29665314897378e-05	0.000256610414414288	0.000850245605247306	0.00300948238812719	0.0141650291414926	0.145016051905303	0.515464166163214	1.71126899234063	5.33005295576113
7.22543413118212e-05	0.000246075679176612	0.000824828536324533	0.00286419326402019	0.0132650553129863	0.135927466757026	0.502187811682806	1.6943661073706		5.19218577867658
6.85364638887411e-05	0.000233646385016331	0.000773427619211947	0.00284650348471846	0.0135271718652194	0.138062955567914	0.495779041293616	1.53094092354664	5.27485747781847
6.67567631237393e-05	0.000224456019515783	0.00071071271461189		0.00271411192114291	0.0125098331265259	0.127158143775279	0.478842015832202	1.52297349596874	5.01382665375545
6.32900809201543e-05	0.000222892142223957	0.000738620625640275	0.00264905005260854	0.0117770345601127	0.123518333223613	0.434908149082989	1.54097431410223	4.84696455922014
6.30196331586745e-05	0.000213408387570228	0.000701274069760384	0.0025299537680943	0.0115431316343627	0.128498509159236	0.436762674889502	1.39331098699162	4.89649775504372
5.87861755422069e-05	0.000212066783550765	0.000701215728837448	0.00250813316839334	0.0113117413789778	0.118267055614844	0.425847749221624	1.42000842913237	4.64500513502433
5.73487558815477e-05	0.000196762795403282	0.00069243493456029		0.00236168130153355	0.0111536262393628	0.11687305901639	0.413215268790259	1.33808658274046	4.84166212509474
5.69534697523435e-05	0.000194135090250896	0.000669074069565666	0.00226552607534468	0.0104280288895087	0.118989810947527	0.4062090008804		1.36358590839424	4.53399948337576
5.38043296616078e-05	0.000189333253946376	0.000621926571118484	0.00224808897265771	0.0105566802066341	0.107414052694308	0.39897485849648	1.29373816563902	4.18339857253871
5.35051998258881e-05	0.000187727042944872	0.000588547805840968	0.0021631049125765	0.0103527301221232	0.109745824550871	0.385284808526648	1.28239415735122	4.06835146634706
5.17564849086144e-05	0.000180818335667563	0.000602069760480805	0.00213035515319117	0.00985872114453396	0.104619981164206	0.377595360505387	1.31789631138349	4.0919201284135	
5.01823648275494e-05	0.000171854146041538	0.000567707254316656	0.00216692925215447	0.00957004554494302	0.102872809430184	0.361012608844043	1.26353936126736	3.88218417874992
4.98134777125093e-05	0.000170187371043664	0.000559968963007267	0.00205283012527735	0.00926716440806306	0.100152875010088	0.36398441455005	1.2273552112182		4.11382259385215
4.83781030092969e-05	0.000167268952712047	0.000548318749680488	0.00195272860637909	0.00914233561448028	0.099756185869588	0.34867841961776	1.20141765602825	3.91472125109423
4.67262128356527e-05	0.000168087480820154	0.000549660252817429	0.00189301454764704	0.00863604725000872	0.0919122841963562	0.342176970216651	1.21119862404411	4.02533947470367
4.60385329792655e-05	0.000159236105809314	0.000519308906232721	0.00189227296803357	0.00863759337041599	0.093086158757892	0.349478717559118	1.20265921680909	4.04653001429176
4.52353365193518e-05	0.00014643723289726		0.000501361765656831	0.00187515935919479	0.00852851795244409	0.0889784799486545	0.350203683926501	1.14510847860831	3.96745999757719
4.39777874412672e-05	0.000152628458092572	0.000504692795451575	0.00184821047587824	0.00872593817001565	0.0886682857679648	0.321396976605423	1.16869736916643	3.6520700593932	
4.23540799433061e-05	0.000150291764735895	0.000511005253318935	0.00179362904162408	0.00810736994161381	0.0856989275335153	0.335128632321386	1.19325592901794	3.96758267248862
4.23205324354389e-05	0.000144608622833364	0.000481590822898643	0.00167811258270705	0.00802061810390784	0.0857206632101105	0.319451740740917	1.11548305694622	3.77518941881533
4.02412626641238e-05	0.000146329357797769	0.000480025790271204	0.00177538664245068	0.00815955058005973	0.0853833026740128	0.335121313872024	1.16268763328869	3.97985055751834
4.13702402472212e-05	0.000140451639120149	0.000472707406470977	0.0017153103131559	0.00801510732228692	0.0940567779947565	0.309137401921086	1.12014330397966	3.63446240135375
3.92847377795642e-05	0.000139498675215971	0.000459000232559089	0.00165723076067384	0.00746867278560283	0.0867291653824831	0.326012791405851	1.04983305814217	3.65472297608927
4.08527379744976e-05	0.000132574663904228	0.00047843052856378		0.00166328594320283	0.00763012811920948	0.0844661808249493	0.311991459554189	1.12025843274702	3.83935880309926
4.08646270254753e-05	0.00013299794538353		0.000459139055449721	0.00165770878458169	0.0072717665139653	0.0833862113884749	0.297309172147325	1.10039678707138	3.76784667047764
3.83651337065237e-05	0.000133456204286918	0.00044043637802383		0.00158690697341023	0.00727855761347319	0.0827904931857784	0.300736236993724	1.11093921209031	3.97335276283254
3.78581799893718e-05	0.00013333715815509		0.000455709454088718	0.00156028531697667	0.00736536678269128	0.0801348534322132	0.327373161871367	1.09635227075741	3.79994503420631
3.75945313768471e-05	0.00013387960830093		0.00043626774295863		0.00154255109256403	0.00717655730607571	0.0800398219646198	0.323762910620165	1.15345600861975	4.08912973865171
3.75299808481783e-05	0.000125058182590556	0.000422172439337277	0.00151007599458336	0.00724402749410015	0.0858601144491209	0.307293583811065	1.1489245416165		3.81911720347897
3.77701226028545e-05	0.000128895647702698	0.000410111909512026	0.00161214754510016	0.0075089929368131	0.0814092513980122	0.295264362892857	1.10207784547062	3.91397152236829
3.71392974436631e-05	0.000130242276453192	0.000430818896980917	0.00153667362897782	0.00719451775650571	0.0822796385732364	0.308337459588938	1.25636360372536	4.01749846216854
3.73025932240336e-05	0.000128575350288418	0.000424919001865234	0.00154294975486582	0.00715628360920641	0.0791221717887436	0.310626343464196	1.12007060631669	4.04539187776681
3.6913731388264e-05		0.000127271580955165	0.000431773239841594	0.00156765842307587	0.00717052390857425	0.0797647132669298	0.321834281027484	1.16405965972776	4.30517850468859
3.71070636557946e-05	0.000131533490398051	0.000413313213416027	0.00151400544122933	0.00690671954987385	0.0794579846878408	0.33016143433532	1.1185606302039		4.12728050983978
3.57218470120281e-05	0.000124460949398359	0.000415921537683108	0.00155185805988804	0.00708571989144617	0.0792788175343548	0.327689864662729	1.18698038700017	4.2435507172317	
3.65542344301576e-05	0.000126003000511412	0.000430577275068384	0.00148574414093505	0.0069505640506525	0.0853056236530555	0.335019282010965	1.15642322527729	4.22290861546071
3.59183800924774e-05	0.000125251335544917	0.000407302622976433	0.00155104463307342	0.00732230283748353	0.0813366166265857	0.323441396260467	1.23149664742483	4.32394974538986
3.70734488448288e-05	0.000131481351053182	0.000424309771889444	0.00158913643142286	0.00716361411954895	0.0818700652548404	0.319761060526278	1.25242824986415	4.69033085022185
3.68794104093187e-05	0.000126541625322388	0.000421116903543149	0.00148679677821989	0.00726236762860153	0.0903415692871356	0.365302168353429	1.31289359708203	4.55989437559273
3.66043653993944e-05	0.000126047241027701	0.00042030146077418		0.00153179722443797	0.00706656224114551	0.089241207265318	0.348650195927427	1.39993017764723	5.03803112651781
3.5189867988463e-05		0.000126421383847299	0.000407500335511943	0.00155299707712021	0.00738758269587166	0.0875710866116464	0.367425037521161	1.41929942559934	4.90975259385405
3.71972244867845e-05	0.000123204944604501	0.000419900330892409	0.00153830015533457	0.00723793814048732	0.0928812897558225	0.361537129299937	1.4624362371283		5.21993972331154
3.73132198607956e-05	0.000125404998409194	0.000420099847085042	0.00151863544061474	0.00732481493398999	0.092802600446202	0.384484134557157	1.44933502848257	5.40174428175653
3.72878597772816e-05	0.000125612768427648	0.000427725851206443	0.00154998309812734	0.00728674011671299	0.0951200715725823	0.369776955219099	1.53101307050181	5.59763844045617
3.81190702971247e-05	0.00013289831279666		0.000432709217390217	0.00155696273957706	0.00765194461930656	0.0883144275477542	0.379185396169012	1.57821950188911	5.77910061838931
3.93870485170778e-05	0.000130327922319269	0.000429268767372548	0.00157165234925268	0.00741841245687401	0.0972522912181653	0.406643200665672	1.66935785564228	5.93323839600415
3.79151831066838e-05	0.000135710077609406	0.000437370288534786	0.0015878351342957	0.00780201741785935	0.0994885914386691	0.426999133744064	1.61782919264913	6.45628555022449
3.88617341836561e-05	0.000132981198805541	0.000455624498006576	0.00155071013816557	0.0079672023678708	0.0967804530481915	0.400768204628958	1.67277472639466	6.55511876403088
3.90892833804425e-05	0.000136280468735339	0.000498688624498768	0.00166148295320199	0.00789941778858229	0.102862258636919	0.41564245877027	1.60727453125382	6.69271640404454
4.0644093826189e-05		0.000137376610453294	0.000456938044237397	0.00167591456667289	0.00806407790429127	0.105392287223498	0.466704121667075	1.74674963751464	7.31574621099694
4.00308160311876e-05	0.000136986677576277	0.000456146697360081	0.00168774557163934	0.00844463636528562	0.108168680288898	0.451952587293598	1.90721126158989	7.35956399989428
4.0918563954002e-05		0.000142489936887602	0.000466997298060677	0.00174164412258276	0.00849673767869798	0.111736812512531	0.506291548626065	2.01804664872996	8.0860319723072	
4.21187588772864e-05	0.000144132535028972	0.000477447956887264	0.00167520162284843	0.00828215541771711	0.113543919037809	0.50064261984416	2.02486625188087	8.68338826158496
4.18532886339281e-05	0.000145411924995113	0.000484287301200209	0.00177146250973429	0.00890789038333973	0.113933682612001	0.540811937229633	2.27417415740356	8.97584094280427
4.31373780074176e-05	0.000144422928556888	0.000495136895439353	0.00179541926486222	0.00892619921595966	0.124338530613555	0.576141853253458	2.48997973481166	10.0554599460151
4.44849524220037e-05	0.000147935533090257	0.000501746474684954	0.00176628254010615	0.00887877834697726	0.127102212352812	0.578422251535029	2.35501012769382	10.2064741278739
4.4863716743527e-05		0.000151513184134346	0.000523062980951173	0.00189229985552945	0.00931205513581929	0.130951471689437	0.570620630245069	2.6315552014505		11.3611681777951
4.56617605312245e-05	0.000154182794233863	0.000527397721147544	0.00190447846820208	0.00947252307433029	0.135653655711826	0.630041955078624	2.78251679836079	12.0752029846169
4.73342648526858e-05	0.000155724017201695	0.000545058284997971	0.00199277591998693	0.0098064844401632	0.150191382353369	0.666451032210689	3.11762116403142	12.8787634941526
4.87239913554269e-05	0.000162420596006562	0.000532548219154858	0.0021338088648882	0.01016145677442	0.156313267925727	0.679935219495122	3.17979889074447	13.2218210952575
4.77917545213433e-05	0.000169759184711989	0.000559239488345849	0.00204528261891592	0.0099230912067802	0.153450369778413	0.794516175286313	3.33705906092468	15.0374994001096
5.0691768926221e-05		0.000169166453145421	0.00055882651546047		0.00207055905325483	0.0103179924413221	0.159388356480381	0.777459694010481	3.57455686039946	16.1639913048351
5.13623210663066e-05	0.000173926362444536	0.000613250920247327	0.0022439397642999	0.0113441053585196	0.168843777844865	0.83830998292496	3.79439720538153	16.7400461995154
5.26091740228529e-05	0.000175578196629072	0.000588165092765592	0.00218752665247337	0.0112009798907983	0.171229253874362	0.806604385625661	3.95158186097221	19.9650549877697
5.24310103011459e-05	0.000184543440436745	0.000622260890576413	0.00223624068255671	0.0113486145773651	0.181360229485927	0.897507638657306	4.35031228220169	18.9776957049244
5.45382521579167e-05	0.000187814959462485	0.00063660602221587		0.00232194673570363	0.0116217748245891	0.188375354884947	0.959251268019174	4.66421303528579	22.7480844611911
5.54320653219635e-05	0.000187567887087865	0.000647321350049096	0.00236581676072568	0.011434270112785	0.197667746613643	1.10011934707704	4.98709686429046	26.3364389410608
5.63003399253271e-05	0.000195364107532558	0.000641575004834637	0.0024168812825683	0.0129851297329834	0.201635274204022	1.07022869844349	5.22374747369735	25.3661122578308
5.74848284526294e-05	0.000198116417852714	0.000680821293897793	0.00253003995439193	0.0129904768913051	0.210908037852154	1.06803238083725	5.89031414853041	29.1296760983167
6.01047048097635e-05	0.000203903347226123	0.000678324336141126	0.002588993023542	0.0130753822347556	0.223949400137638	1.21907399786706	5.81759932242245	32.2423398200038
6.03931122955567e-05	0.000208084380061395	0.000692210155870577	0.00259286148106985	0.0133640355303147	0.22162331251476	1.30485715026246	6.81643439961695	37.4048805631752
6.16538360545121e-05	0.000214818365662573	0.000709987980771845	0.00274629397363641	0.0137382427076281	0.229488787762133	1.2817146868021		7.82973889778916	39.9953839692906
6.3178510177237e-05		0.000224710310343112	0.000725290577321709	0.00273098060656829	0.0140832816686618	0.248576567915383	1.43746163209385	8.60490805704818	47.7982195919653
6.54549900550067e-05	0.000220186043414964	0.000742944714610019	0.0027341118750568	0.0141747483996913	0.255922790276958	1.60276231013904	9.06742757547215	57.4827270379661
6.47063568536734e-05	0.000222165277844588	0.000743840517059014	0.00283782391570012	0.01446936406318	0.266404771438556	1.62921708498465	10.406426076656		65.6902060073451
