5.969719394160103
5.901024902055609
5.816670241165778
5.726194069516016
5.6520800789818875
5.558612585582238
5.474444617475534
5.381857613741483
5.2921206275858275
5.203426185419203
5.109708770972174
5.0139088573601835
4.915032600370719
4.817655100646273
4.713096884041299
4.607212533968292
4.4986938279153375
4.385916463863598
4.267878682623221
4.143924850011018
4.011823057926888
3.8728502692112734
3.7244379951863196
3.5635034229127545
3.390752734948005
3.2051794060431513
3.005035684405868
2.7754337969517007
2.5992767861973056
2.384262198212289
2.1473644732663124
1.895215426753206
1.3335735554768686
1.239826907270087
1.1429224665774296
1.0445564942301637
0.9468599778829974
0.8501009891780209
0.7525232825929123
0.6575402904474814
0.5644477574933828
0.47377817970510494
0.383927043114252
0.2969184117844961
0.21202718182277022
0.1283309203578354
0.04723282061794751
-0.03227986238433845
-0.10909042369683877
-0.18392987310383488
-0.2594203033867644
-0.33188149023753727
-0.4021238938078693
-0.46961234715239836
-0.5371091810501398
-0.6028018935666537
-0.6664686348743312
-0.7286821775021821
-0.7900705834713057
-0.8504015257563327
-0.9087422375169224
-0.9656300115658617
-1.0199452556821562
-1.0765867650393974
-1.1297816086344643
-1.1813295605581065
-1.2335349220999345
-1.2846285575894063
-1.3329258164285784
-1.3810630608798664
-1.428698522818328
-1.4731515118312772
-1.5210336752883455
-1.5654067144439163
-1.610880576448409
-1.6528011468373829
-1.6939557013241215
-1.7361322721546324
-1.7761095314111528
-1.8166834569092645
-1.8548747599716526
-1.8944841499097285
-1.9302468363835972
-1.9670309549505764
-2.0025775472751297
-2.0372656968508376
-2.0721707053330958
-2.1061243662819025
-2.1391228336517734
-2.1727136129726397
-2.2035522474283606
-2.2362614625847907
-2.264347490745284
-2.2956373744446856
-2.32549035970054
-2.35398945617136
-2.381518806336646
-2.4078846487470016
-2.436598222543483
-2.4614030356064855
-2.48610362545457
-2.5125681739102084
-2.5367518057477807
-2.5593183289256465
-2.5839533232298475
-2.6077147224277857
-2.626878726084654
-2.6475181783252317
-2.666594702703642
-2.688837225294731
-2.7072653936137097
-2.7252024122564333
-2.7435941688280496
-2.7604364700057435
-2.7759279272419906
-2.7922487069042017
-2.8080577835716354
-2.8238846918408145
-2.8357821233483502
-2.8494659240778692
-2.862802283357027
-2.8739077201744254
-2.8848729049136055
-2.895660606235376
-2.907196788349275
-2.9146768639729683
-2.923747847284949
-2.933347027147328
-2.939364094697511
-2.945361572988861
-2.9532386359450022
-2.95802005247412
-2.9627366042603565
-2.9650172620228163
-2.969473476736992
-2.973448402211183
-2.974477891844574
-2.975375854140656
-2.9763347511403855
-2.976761647773569
-2.9736819166377115
-2.9732454416085883
-2.969425344586645
-2.9665682294518927
-2.961466341429685
-2.957477773673902
-2.951200671766153
-2.945488863963558
-2.937686769220166
-2.9282344625267815
-2.9193739230236386
-2.91115755697673
-2.898675211989004
-2.8864962150937212
-2.8744598184705814
-2.861382633927395
-2.8454541039264556
-2.8311401014853277
