3.967655231814292
3.9135645363316036
3.859249401512701
3.809823519669692
3.7557352826861337
3.7124663712387997
3.6681153697114186
3.632595745175978
3.597138603887208
3.5659259886837393
3.5371482786359145
3.5121427876170968
3.4901680545909675
3.4720210855711455
3.4574924822175146
3.445644135288765
3.438494837394606
3.434086923123793
3.4329064047029996
3.4357213650479994
3.4428966364252562
3.453706008737361
3.46958166498856
3.4900833679049077
3.515706837311917
3.544456048564085
3.5758266031301864
3.6132494185463715
3.6819068690621406
3.7475309206075127
3.805045109931479
3.854645012180442
3.3786988790695136
3.4229725516050626
3.457457977633994
3.4854158169806992
3.507625602861438
3.525681799071628
3.5414543936997105
3.553897256513634
3.5647336204580307
3.5739389008834577
3.581706325852705
3.588364949057565
3.5927901059144474
3.598261552305955
3.6015168182762207
3.6054456502081638
3.6077800766888486
3.60997797126508
3.6133013642597085
3.614679160669154
3.6159988928787916
3.6164125613336964
3.616906211470491
3.618330606925422
3.6193665944965105
3.6193980847125182
3.6205242787355187
3.6213782012857063
3.621476154572435
3.620774811427917
3.6217376174043827
3.6228593547735644
3.623178909343707
3.6229015103895863
3.623523914534706
3.6244611133696893
3.6253633102962004
3.6253478978444402
3.625738706936615
3.625921624371839
3.626884405009297
3.628639496348533
3.6301895844693326
3.6304369673271144
3.6303264111973537
3.633434539846329
3.6341310953270796
3.635475893404526
3.6349833513608845
3.6367920824765503
3.638339854792527
3.6401297425210752
3.641458092627215
3.6433806097346033
3.6475168671330587
3.6476939276871794
3.6483338514239274
3.6500447388610806
3.6541045514470785
3.655724352235149
3.6573920851977353
3.660323672749472
3.662287616280397
3.665251545005687
3.6664842932837205
3.6695630407294564
3.673095808143251
3.6749012307091564
3.6776776665377557
3.682984837991998
3.6842702922451394
3.6869496745686217
3.6913969152914468
3.6956431031663524
3.6975482030973392
3.7012743098613647
3.7036091782110745
3.7082029448477853
3.7125188891674337
3.715333076535899
3.7187405900184385
3.724148503932263
3.726913474823158
3.7314923966643536
3.7366731099871484
3.741887043519891
3.7450583330917886
3.7499415389336628
3.7549359325041682
3.7576649199974987
3.7643954887426183
3.7679483781508596
3.7748262882383354
3.7783753268107376
3.7842242760565554
3.78961608252779
3.7950443112852814
3.80101513656831
3.807838629729698
3.813527807782057
3.8194267234253636
3.8260327076350102
3.831675440290744
3.839572838605758
3.84858760091743
3.8552385723746982
3.8622697076057255
3.8706319423789908
3.8786703780773863
3.8864345644485923
3.8954082247676745
3.9039027730429825
3.914304162660794
3.921757159111539
3.9327057620354036
3.9428856268281294
3.952921054827734
3.965793379612425
3.9764702217803696
3.9895626742434867
4.002054818396453
4.016981881325284
4.029980636033228
4.0450392085676645
4.062117693637432
4.076270187320245
