3.6194522544819625
3.5511471994197805
3.4822591508926024
3.4163700667863495
3.350660291556249
3.287043825443223
3.2270115084247655
3.166894206538156
3.111529967643849
3.0579283867286486
3.0066793190464938
2.9577418775281585
2.9116782649852353
2.867166981977633
2.826034090491201
2.786630117494873
2.750545598728854
2.715342400215305
2.6826231204202418
2.6517500009881556
2.624188855789637
2.5985105361367298
2.576961732723759
2.5592624866002502
2.546211718463403
2.5371062760341587
2.533419269348347
2.534247565204875
2.5388688536209374
2.5462204037075975
2.555783502637131
2.568897793179113
2.5720693141931177
2.578279405467327
2.5839117676984977
2.5892267071314836
2.5937058542147686
2.597881948841977
2.6028078369847654
2.6068300937726367
2.6123977139680474
2.6155650180648853
2.6204622755073173
2.6239606201859926
2.6276430101576085
2.632743453466726
2.6346824088958427
2.6390290611174825
2.6425961077992906
2.645708856100202
2.6505559097916387
2.6534178681722254
2.656784523394148
2.6584851316667475
2.662505102780707
2.665906320716637
2.667714159133925
2.6704114016824847
2.6744784641335118
2.6775871080460987
2.6794923857944064
2.68258624642282
2.683662854821326
2.6869974991122176
2.689669687844598
2.691120818978535
2.694710306034322
2.696908936367749
2.699721721047964
2.7004486881709404
2.7029085108322826
2.704800863498171
2.7087370257290986
2.7107284309101134
2.713379257963002
2.7143344021981877
2.716902617763649
2.71865334305373
2.7217791039707078
2.722840427032584
2.7261992881157058
2.7280895041829205
2.729570773520986
2.7307872166184177
2.7332461903260805
2.7344917079983775
2.73806946900191
2.7398419198411728
2.7402967206761253
2.7429459423298326
2.744693436157073
2.746194003825262
2.748154766060311
2.7503639875225496
2.751469239899192
2.7526806113725324
2.7534021914051285
2.755482722302627
2.758723593882887
2.758251896393217
2.761303837165472
2.7639212786397462
2.765021032318358
2.7667678146379933
2.7687632658543038
2.7718107865055814
2.771871303858209
2.7727112563674097
2.774496445949885
2.77679885727412
2.779186730053943
2.7795109826706472
2.780979848679415
2.7826620654791308
2.78452354087009
2.7860190303573917
2.7874977957332967
2.789489291882091
2.7913606789774748
2.7927771076739467
2.7938141276518484
2.7946854218242088
2.797322050781499
2.7978404758637843
2.8002662616936753
2.7996690686195853
2.8025665117593106
2.803884847172093
2.8058230891747797
2.8059098967472558
2.8076247177374443
2.809201820534629
2.8090150718543083
2.8111912538713044
2.811447890003836
2.814581112344483
2.817581342247616
2.817163510599026
2.8178772924819984
2.8204576427602297
2.8189481945505115
2.8211643004431295
2.821577565560624
2.8217210917380036
2.822043851599408
2.8225295955202565
2.8229838793117428
2.8231236334308063
2.823635953642932
2.8236870497028432
2.8236930646105622
2.8237570106154233
2.8238045703249974
2.824112472729194
2.8239966105139045
2.8238538377173428
2.8239088037202245
2.8237989523014044
2.8233222593584313
2.8233022656833215
2.8230603023468595
2.8226964934345635
2.822288183268304
2.8221935416996873
2.8216673463080544
2.821036936672775
2.8203637385280556
2.820033667653459
